9780008479599
9780062060624
9780062225559
9780062277022
9780062300547
9780062316097
9780062319784
9780062409850
9780062414212
9780062429964
9780062457714
9780062464330
9780062491794
9780062498533
9780062667632
9780062678415
9780062699761
9780062797158
9780062834843
9780062846716
9780062868084
9780062868930
9780062941503
9780062942937
9780062943477
9780062963505
9780062963673
9780062976581
9780062977465
9780063003057
9780063021426
9780063071339
9780063204157
9780063240958
9780063250895
9780063251922
9780063261600
9780063278240
9780063282216
9780063293885
9780063313934
9780063327627
9780143128755
9780300244023
9780307271047
9780307408860
9780307907207
9780307951569
9780312577229
9780312577243
9780316201632
9780316225892
9780316225908
9780316225953
9780316229296
9780316273909
9780316274043
9780316310277
9780316370887
9780316392359
9780316412699
9780316449881
9780316485617
9780316485655
9780316486676
9780316492936
9780316496422
9780316538962
9780316539429
9780316547612
9780316556348
9780316568112
9780345542908
9780345542915
9780345804938
9780374112523
9780374134013
9780374157357
9780374194294
9780374234679
9780374280024
9780374600210
9780374602283
9780374602603
9780374603389
9780374603914
9780374605988
9780374609916
9780374610486
9780375423641
9780375815300
9780385348713
9780385348744
9780385350662
9780385352543
9780385353416
9780385353779
9780385514238
9780385521413
9780385529985
9780385534246
9780385534260
9780385537070
9780385539008
9780385539169
9780385539257
9780385539302
9780385539458
9780385541179
9780385541193
9780385541213
9780385542365
9780385543781
9780385544153
9780385544184
9780385545136
9780385545686
9780385545938
9780385545969
9780385547345
9780385547376
9780385547772
9780385547970
9780385548021
9780385548922
9780385548953
9780385551540
9780385676991
9780393246221
9780393247341
9780393354456
9780393356689
9780393358812
9780393608170
9780393609399
9780393635249
9780393635522
9780393881141
9780399175153
9780399179236
9780399179243
9780399562488
9780399562822
9780399590504
9780399590566
9780399590597
9780399593482
9780399593512
9780399593543
9780425284681
9780425285046
9780525436140
9780525509172
9780525509288
9780525510543
9780525512172
9780525519881
9780525521112
9780525521426
9780525522119
9780525536291
9780525541608
9780525541998
9780525555216
9780525555360
9780525559474
9780525562023
9780525563365
9780525620785
9780525656913
9780525656975
9780525657095
9780525657606
9780525657743
9780525658184
9780525658696
9780544668256
9780553447439
9780553448122
9780593087275
9780593132331
9780593133239
9780593135202
9780593137527
9780593139130
9780593158355
9780593158683
9780593183210
9780593201231
9780593201262
9780593209015
9780593211681
9780593230255
9780593230576
9780593236899
9780593237469
9780593239913
9780593241039
9780593243767
9780593244030
9780593296619
9780593298514
9780593299399
9780593299405
9780593299412
9780593318171
9780593320624
9780593320709
9780593321201
9780593321447
9780593329825
9780593331002
9780593331309
9780593332122
9780593333938
9780593334836
9780593355343
9780593356159
9780593374221
9780593437292
9780593440711
9780593441275
9780593441282
9780593441299
9780593446065
9780593448960
9780593449608
9780593491324
9780593492543
9780593498064
9780593536049
9780593536063
9780593541524
9780593548943
9780593593806
9780593593813
9780593595534
9780593598818
9780593599907
9780593638422
9780593655030
9780593655115
9780593730232
9780593796849
9780593798935
9780670026197
9780735211179
9780735211209
9780735211292
9780735212176
9780735213180
9780735213616
9780735216723
9780735219090
9780735222359
9780735223523
9780735223707
9780735224292
9780743247542
9780743288766
9780765326355
9780765385489
9780765387564
9780770436442
9780778309357
9780778334465
9780802123411
9780802124944
9780802125187
9780802129499
9780802148049
9780802148537
9780802156983
9780802158741
9780802161208
9780802162175
9780802162236
9780804139021
9780804171229
9780804178778
9780804178808
9780804179058
9780805095159
9780805096606
9780805097429
9780805098716
9780812986481
9780812988409
9780812989482
9780812993541
9780812995340
9780812996542
9780812998348
9780871403131
9780871404237
9780932440007
9781101874838
9781101875101
9781101906118
9781101906323
9781101947135
9781101947883
9781101973417
9781250083257
9781250107812
9781250121008
9781250130921
9781250145291
9781250170972
9781250171672
9781250193452
9781250207579
9781250209764
9781250217288
9781250217349
9781250220257
9781250239617
9781250244499
9781250265265
9781250266101
9781250280206
9781250299697
9781250301698
9781250313071
9781250313194
9781250316775
9781250766564
9781250830708
9781250831903
9781250846594
9781250857439
9781250887320
9781250889928
9781250899125
9781324015112
9781328662447
9781338099133
9781338635171
9781338896350
9781368081152
9781368092196
9781419766961
9781449486792
9781451642292
9781451659224
9781455539741
9781455563913
9781455586486
9781476706146
9781476716732
9781476728742
9781476733524
9781476740188
9781476746586
9781476783451
9781476785110
9781476798028
9781476798172
9781492649359
9781496739261
9781496739506
9781501110368
9781501111105
9781501111679
9781501126062
9781501128325
9781501132933
9781501139154
9781501141515
9781501160790
9781501160837
9781501161933
9781501163425
9781501171345
9781501175510
9781501175565
9781501180989
9781501189210
9781501191138
9781501191732
9781524731657
9781524732685
9781524747047
9781524759781
9781524761333
9781524763139
9781524763160
9781524796281
9781524798629
9781524798650
9781538715611
9781538724736
9781538724774
9781538728574
9781538728604
9781538761502
9781538761526
9781538761564
9781538761601
9781538761649
9781542022637
9781542037426
9781542037440
9781542037464
9781555977038
9781555977557
9781555977887
9781568584638
9781594203473
9781594203986
9781594204877
9781594205614
9781594206274
9781594206550
9781594486630
9781594633661
9781594633940
9781594634383
9781594634479
9781594634505
9781594634734
9781594634765
9781607747307
9781609452865
9781609456580
9781616207601
9781619634442
9781619634473
9781619634497
9781619636101
9781632863216
9781635570298
9781635573480
9781635573534
9781635574111
9781635575637
9781635577044
9781635577938
9781643751761
9781644450005
9781644450012
9781644450647
9781649374042
9781649374172
9781649375025
9781665942488
9781668001226
9781668002179
9781668002520
9781668009048
9781668012017
9781668016138
9781668045718
9781681196282
9781681196312
9781681376077
9781728252277
9781728283998
9781771642484
9781913348983
9781952457002
9781982102319
9781982104054
9781982104498
9781982110567
9781982115852
9781982117085
9781982117351
9781982124168
9781982163419
9781982178901
9781982185824
9781984801258
9781984806734
9781984806758
9781984817297
9781984818355
9781984818461
